0.004773342393069208
0.004365552730735478
-0.0013800412988209585
0.005372168557432722
-0.0033047134852541887
0.0003642666630900067
0.0028123300811326306
-0.0023215961294636013
0.00273947442816622
0.0048119941525230575
-0.003501227636910633
0.002984765080275601
0.003574560921915965
-0.0051318907192007684
0.0026878770228116406
0.004457202338083435
0.005258220670985371
-0.00107859592073119
-0.004570524328561864
-0.004628153690568463
-0.004807209122575403
-0.0015664341349051448
-0.0016763344572557019
0.003439695980904088
0.004110817603139093
-0.003616189006043882
0.0029616840726645792
-0.0006279171395746208
0.0009947345359525952
0.0008436854730867609
-0.004079436247766253
0.0011884278983087684
0.003599618802866638
-0.005094554786969732
0.0009778270351500616
-0.004874935614038156
0.0036676021773440373
0.000889697619834115
0.00453483585860411
0.0031425924093690227
-0.003824781968961718
-0.004236745809860755
0.004969551395854403
0.00042426062150528255
0.0052954555624240935
0.0023328707475777743
-0.005060722455234336
0.0026379713838352377
-0.0028588543629358013
0.0026319841511682086
0.004497935034941493
0.00218966502353894
0.003289485362577477
-0.0029137965400475637
-0.000129175302965483
0.004431681631662913
0.0016137678487619016
0.0005720577954600588
-0.0046252975088964315
0.004064366193460505
0.0026605395076670507
0.0021159043861561045
-0.0027443657129395944
-0.0025816228906421716
-0.0026849985441453564
0.0021696966969011926
-0.003943979682728532
0.002995635305592264
0.004126213639305803
0.0023146022433255856
0.00482361404796178
-0.0003068736299462812
0.0021226136763029036
2.278446729231252e-5
-7.209009738002098e-5
-0.000886045771993739
0.0031456379954872605
-8.816839772087976e-5
-0.004631939495437603
-0.0025380157094994954
0.0046609622646764355
-0.003700774191035947
-0.0020686743207822145
-0.004634099856473202
-0.005126117030847605
0.0027583656356412597
0.004500909425822682
0.002596964270869265
-0.004633821324013929
-0.0049231960778316364
0.0006503805516652527
-0.004714256145056857
-0.004761141527825333
0.0021799430847779288
-0.003663107911485645
0.000972464020760253
-0.00256606196409958
0.00012487341716054513
0.0028857023343146606
-0.004040753450425286
3.3208088256946264e-5
-0.004425295643106757
-0.004667866364320668
-0.00046183667519195
-0.0034260344235810094
-0.00015426286104347267
-0.004020705217428371
-0.0034072553273919435
0.0024115518591412933
-0.0013654866505910376
0.0026540777594136807
0.0035786318492725725
0.005210403600935369
-0.0015002114987403066
0.0008793258671069696
0.0003116972614185144
0.0035713582415997764
0.0032565247479308815
-0.0016870065371918735
-0.003908463853300761
-0.0034871141559240314
0.001195912123069072
0.0031459780314412856
0.0006390463393736956
-0.004134355554403841
0.004891658398440385
-0.0002396134046676541
0.004933005922879839
0.0026896542243965934
-0.0012392621069469256
-0.0035597834651675867
0.0025573678016581197
-0.0018672278742215649
-0.0016056867012420428
-0.002209169447349285
-0.0024563939290704767
0.0035231389826116044
-0.005146069761491828
-0.0009605198607617277
-0.003993553452607676
-0.0005816093099462756
0.0017339360463851134
-0.003991573757956163
-0.0053286444164620745
0.0035022601520106516
0.0024319105261595727
0.002549210268018054
0.00290454259004253
-0.0010166500850850731
-0.0009541838549439054
0.004342243160522751
0.0048190046818001545
0.0023270594923314584
-0.0017393741062251386
-0.0004560562140010104
-0.002033152019746004
-0.0018646540735085984
0.0004087092489658635
0.0026316089992232585
-0.004168947762855621
0.0036882218685659507
-0.0028767917756974707
0.0025308870344940317
0.0026427843584216227
-0.002184634156168172
0.003304354924669487
-0.003978810389119757
0.00400020764300445
0.002963973041180718
-0.0043656336720805855
-0.00017870351854720612
0.00011370410147013399
0.003130127239970123
0.004532318040697898
-0.004060593087952099
0.0003586019979709899
0.005127800491144419
0.0020515073914673864
0.00046062707527435025
-0.0032523851926222294
-0.00526901401297487
-0.001994425276851477
-0.0012673235840166427
0.000220454364277591
-0.002400079443710328
-0.004450220786448068
0.0006079235555509449
-0.0010134878168029154
-0.0003226288752729109
-0.0003897392647442711
0.0005262763743276074
-0.005032839041488885
0.0034024284221422017
-0.003359459768270048
0.003632169369790216
-0.0009935974926610872
-3.424157278675213e-5
0.003608243257319108
-0.0035011658508028692
0.0028014091677609244
-0.002346671084931288
0.00393749329798146
-0.002682726685077452
0.00030681983181196697
0.005042312719197408
-0.0026124182958852556
9.57054979377643e-5
0.005098034077360453
-0.00012372904009461116
0.004782054746381925
-0.003674079008262374
0.0032753680489125215
0.0018987775552426888
-0.00012607761540921048
0.004831975116218143
-0.00023631326519833143
-0.0013699041942837032
0.003620747155070415
-0.0006674413530684385
-0.001975615471571025
-0.0021191567989738386
-0.003984801574348261
-0.0038867212351437184
0.005232506930732243
6.550012319557975e-5
0.0016433582042044337
0.004313965060989422
-0.005356615283767567
-0.0019114008150619675
0.0021337813482272022
0.00202504685352863
0.00130628900994336
-0.0028413171039284187
0.0007476224371710196
-0.0042821383763889265
0.00021347054111517372
-0.0007010291999649669
0.0024496991513032816
-0.00435073530478108
0.0020423268671523015
-0.003677173432664317
0.0020371675307346636
-0.0030485127249232384
0.003050700953099571
0.00465480832102865
0.0010872402417901623
0.0035435190511904618
-0.005007455658376626
-0.0030894369399132554
-0.0009613904209028034
0.00037218644276073356
0.003563573317624406
0.0017792620992043724
-0.0032609680330453225
-0.003917417723770887
-0.005342428710778293
0.001626457981352022
0.0024803571779637773
0.0019688406459826393
-0.004204657014632681
0.004534093375356639
-0.0047469829011511895
0.0007843694528793755
0.0002834069679266668
0.002689997772223049
-0.0038927322969775223
0.0019056799836709173
-0.0032551991472901743
-0.0009392661683178509
0.0006895279313694986
-0.003818045356002806
-0.0051082109494847506
0.004038885650774144
-0.0032534547169156946
-0.003464125328871894
-0.0016979076659079692
-0.002206977243609468
0.001537419583161325
0.001727528975483075
-0.0033967059668004373
0.00024801823315249945
0.0010593568530359008
-0.0016661277825349551
0.003229789406782969
-0.004425514497133148
0.004917847583878431
-0.003048161577176679
-0.005075827866247192
0.002107613779279989
0.004794132729099831
0.005008016350651382
-0.0017632666514732973
0.0021248286075905877
-0.00014929102014541143
-0.00206989032120653
0.0044163449224031304
-0.0018426342006707555
0.0018813888094042829
0.0009933856946531222
-0.0013088310064832233
-0.0004810961147171195
0.002627003092342283
0.004376245994874784
-0.0037893049393149317
-0.004168327601430982
0.0035154665989488103
0.002505025275068678
-0.004961543059532956
0.005147893153161489
0.0001682028860341081
6.867668316606948e-5
0.0022831719791321712
0.0017102568256648105
0.0038775974361880336
-0.003642570084394709
-0.0027526346814530857
-0.0008527166201548905
-0.004885542156993498
0.0020043088505038447
-0.0009835400497749107
-0.003179627109547486
0.002674685995411832
0.0005347874944228239
-0.0016020661740394223
0.004375922384308825
-0.004639586673324759
-0.002749092315382912
0.0018638781978826788
-0.0010791021218891084
-0.0006738582129138222
0.0036286895692396164
-0.0007425377159635769
-0.0014909891988638103
0.0012599420377584708
0.0017628824748919952
-0.0052807094249825125
0.005390786698379154
-0.004360613827962343
0.0022218004488891966
-0.002154204955768477
0.0011389763990442415
0.004035061144899796
0.0019834656976543724
0.00011985499503144139
-0.0016271092551178052
-0.002694467628422567
0.0033923466041608868
-0.0025680811705542468
-0.005409646763821319
0.005413569330512915
0.0019109795617078444
0.004617281786407399
-0.002923101031011062
0.0007508656950229232
0.00012871810183543445
-0.0016984035901733982
-0.005380235739345587
0.0036106868775306828
0.0009730794359450592
0.003743909149550594
0.003052859409377728
0.0031275356430480647
-0.002198953560852863
1.3593754943360703e-5
-0.004062781381497714
0.0030790130972842525
-0.0032205111121829705
-0.0002965750060737267
0.003914982189048728
0.002591892310720617
0.00268082007818367
0.0013877098692246393
-5.168527036133311e-5
0.004824340830531179
-0.0033461776321294873
0.004143472040899563
0.0031660207759732014
-0.0037407731316866388
-0.0027765170007380993
0.0037004207366937614
-0.003942032588069933
-0.002707564779321927
0.002706409632563952
0.005337778078630135
0.004766875908210593
0.0015450252624078138
-0.004875087739363223
-0.005054159322985238
-0.0046102300295007125
0.0017900742280148822
0.003246846160553052
-0.0007932461710557733
0.0011188024201969973
-0.0012346660633862098
-0.0008596830477093572
-0.001583621248057183
0.0010100216853535036
0.0007674682205496103
-0.0006623706742389503
-0.0024726197024678496
-0.0021699301448848693
0.0010496630154600713
-0.002098303846926712
-0.0005253423948115995
0.0031003336104266878
0.0004192784734230551
0.00068151124830252
0.00017352693509038982
-0.004594197060756054
0.0034799368414485444
0.0006522600992280081
0.0034564190561112355
0.00435593463476242
0.0037594650227674555
-0.004445710017734605
-0.005080481867210528
0.0020540465926310193
-0.002001432379778172
6.210513749216987e-6
0.001780887742448902
-0.004972449972828072
-0.0046360907398415386
0.00023596002615030394
0.005262805837960248
-0.003241709521362007
-0.0020769761545598887
0.003103853226587202
-0.0036060970529829344
0.0019379228650793713
0.000428909123623502
-0.005028985087986702
-0.0014391916321399951
-0.00011961911502005432
-0.005384843124126938
0.005267328035851048
0.004812829517494237
-0.0010870634394697862
-0.002630424629073842
-0.004679840637557717
0.0032374169684648963
0.0045359331360151816
0.004228377943057289
-0.0029084171935552885
0.0029801362454335177
-0.0017249863610947882
0.0022164804233448677
-0.0010212594273794726
-0.0025087546901183815
-0.0020397110882566607
-0.0035354197913075812
0.0048471046713145635
0.00016094548308236798
-0.004941815107095063
0.004883833553507636
0.004533938807589091
0.0050685782756972044
-0.005049826234128522
-0.0035564834985003027
0.002968405916835717
-0.001102878944950555
-0.0006432558799554689
0.0008073990922829932
-0.0037344267475226617
-0.0028965528571708765
-0.0006539445462554422
0.0012116769290081038
-0.0008596971490854795
0.0010898568438422193
0.002211419421027946
0.005241543368988804
0.0020069323608206163
-0.0020198007794271266
0.0049353926862567435
0.0018097734559904492
0.00026831401967102373
0.004845265101912754
-0.001783704374733544
-0.0018063379336489553
-0.0024004369699212203
-0.0007894301120503812
-0.0026764628903683447
-0.004486676595535112
-0.0023847251447238925
0.003954286679919424
-0.002423507339108558
-0.00360497225630327
-0.005413469794710753
0.004725272794344421
-0.00024175567122796567
-0.002378711103496437
0.004449089693458419
-0.0022047000183813103
-0.001421335956864817
-0.004989578104751148
-0.0027742673352277067
0.004632610673051498
0.0005741627903130218
0.000455294914665575
-0.003746161570241133
-0.00265515226258297
-0.004760859654915249
-0.004145134169526082
0.0009788170414326389
-0.00010312641318558483
0.003934415213533059
-0.0006538409515610287
-0.002528661239288912
0.0006035626343038056
0.0004077513334864624
0.0030413328676221377
-0.005317734475836077
-0.002743850044478653
0.00497370141505573
0.0013992136289920553
0.0020263744891175
-0.00402625993263762
-0.0006016189711278703
0.004606271982999102
0.003473183722480092
-0.002810749564641124
-0.0008700416934786487
0.0034935795931219176
8.548864486153709e-5
-0.0023493954562790716
-1.2603392281351897e-5
-0.0008719066447185203
0.004863932058529444
0.0026364236483460476
0.005228511695810676
-0.004211311107292796
0.0036813692021081417
-0.002885912182796452
-0.003663262122070101
-0.004349242574264937
-0.003655448664420438
-0.00022831577702096172
-0.002756675505916524
0.004354781288144028
-0.0012507746469034812
0.0050592905866339456
0.004164100649871878
-0.0007066158139308499
-0.002730584224036387
0.0008960200425549989
0.0026822441969649186
0.004700883024983866
-0.0041682041084346875
-0.002308130161833205
-0.0006422912801431457
0.0015399824438517428
-0.003250396945382827
0.0031899136743657867
0.003990880900006958
-0.0017331402180881404
-0.0003076283101791914
0.000995764593541435
0.0006204523368024595
-0.00448991458903062
-0.001840286594678153
0.001818864545582168
0.0027405499324276612
-0.0016705714011977682
0.004350348560729429
-0.003216781886283351
0.004477248430055244
0.001774240001193089
0.0009811525551351975
-0.004419046525758521
-0.0038645186384145057
-0.0035556133136850584
0.0009659492682485988
0.0007249102534638713
-0.004134602342902482
-0.001939623078430696
-0.004823446122778125
0.0033007189950187677
-0.005401740447563259
-0.0023393023490233256
-0.00208610313477066
0.0037419814007867733
0.004834689137964532
0.003990286493863333
0.004926013681297188
-0.003649123726838963
-0.004268415828021158
0.0015292865826682905
0.004578535740732787
0.0016761569876168948
0.005056396900209945
-0.0027569884445408535
0.0029653489292806273
-0.001418070322690854
-0.004224706342910199
-0.0011047065937416427
-0.005050311412250954
0.0031555746372493366
0.00041986888822402027
0.0020569000629757006
0.00016386611843149912
-0.004693548280846574
0.004358908695342978
0.0017697339480902516
0.002044375716271593
0.0025605589680438843
-0.003724507127730208
-0.003756131303450561
-0.00024680262609063307
0.0027533181261232133
-0.0022826708150898017
-0.0034124127836712547
-0.0038041956505145
-0.0015832907920767865
-0.004211062679648753
0.0037756908818576754
0.0009778241942616347
-0.002191074495407903
0.004273652978620039
-0.0026508963217037546
-0.00022616153551155698
-0.0016481350472293606
0.003669438255864403
-0.0024873791024730184
-0.00043535736562245477
0.003350512212773431
-0.004106480524391745
-0.004792120321558505
-0.004930939864300181
0.004638876841601222
-0.0034312291783826416
-0.0007305480186903118
0.0027811029306046347
-0.0031250866123136768
0.005392673353826004
-0.001020125969739001
-0.003166509389264905
-0.00267880911186754
0.0051812140444284895
-0.0003181682138357557
0.004271614845630803
-0.0029858465162177837
0.004803663092794546
-0.0016032143684560245
0.001640839307787682
-0.003775768732178873
0.0011625214270762822
0.004246987801728133
-0.004131245870993733
0.0017047162186675897
0.001802981763646637
0.0030147645163712032
0.0038619869126425626
0.0037630989414081614
0.0027593318812838483
0.00351854019193586
0.0023936947622192214
-0.004842832910019303
-0.004823067653625376
0.0024021213411456717
-0.002552412425665724
-0.005399356776514963
-0.003351373428872886
-0.004861787431770317
0.0018683718325856924
0.0007534212590858946
-0.00038776440190773525
0.004500347828101054
0.002026477946056312
0.003692927268924817
0.0044533985671268
-0.0015466068338905396
0.003452624286073502
-0.004178023092447867
-0.002170404244873995
0.0017901872403246256
0.0025187587191724562
0.0028468714700083998
-0.002169252453968687
0.0009128223391906575
-0.004617226798289587
-0.0019385667151420767
0.0001279096183120682
0.003858126013484797
-0.002112388859382798
-0.0010047830225067657
-0.0015474462223854304
0.0014373280907317959
-0.0036129959943209614
-0.0051361988520982225
-0.004656764131416547
0.0029517943794512467
0.003777755623418101
4.3869459314467147e-5
0.0036320695501742026
0.0036893597487215562
-0.0013289767889577823
0.003971831021085727
0.004000921183680417
-0.0008452836793163588
-0.0023600258380202517
0.0016994104401346665
0.004742555225523689
0.004280696890028541
-7.549764449748176e-5
0.00311972773977772
0.0003173174398249811
0.004827650436310173
-0.005269716498002019
-0.0013204837773586025
0.000233077683279152
0.001849828535512913
0.004861011267179747
-0.004737158402269899
0.001159141289492812
0.00306861027364027
-0.002117079543285475
0.0035105626235648656
0.0020058220459472863
-0.0002613964436345213
-0.0005779449945700702
-0.000604738763795487
-0.0013390471372602291
-0.0030062898552329974
-0.004350830251796189
-0.003151847713619858
0.0034570536873853074
-0.0015593252627637247
-0.001232226756277013
0.005405181109121097
-0.001435639916040342
0.004814234911760511
-0.0010245979233780003
0.002855369770501706
-0.004171005219097076
0.001035980267671927
-0.002958237268182006
-0.0032047259859784073
0.001966971978895858
0.002203359786859732
0.0012932859873348401
0.0020399996509941226
-0.005008806061401407
0.005079369343615059
-0.0013731836013813564
0.002362398618533823
0.0007157386404383299
-0.003209017182758775
0.0015444522834998009
0.004408577102626329
0.003987479228347622
-0.0030733521398199634
-0.0048140618294889885
0.004894044479566342
-0.0051178655602026266
0.005287009698347599
0.001016021188918466
-0.0018538926776696656
0.0023164538757590508
0.0009772300617341345
-0.0019329779170052241
-0.004925061539796517
0.0028442792086837802
-0.0033697290300506145
0.0034356093740928375
0.0025468923979141515
0.0017366276686685868
0.003206522694391627
-0.0008668328413348004
0.000265190819436645
0.00304284498791004
0.0008153053599252856
0.004844397278353129
0.0004004496679183126
0.003985102277634287
-0.0014891256573900911
-0.002996904834507359
-0.0028707525843083954
-0.005060972896049791
-0.00370704474743744
0.0028776814578420464
-0.0019154161860243525
0.0020857532810211873
-0.0023418621855790015
0.000843269088137184
-0.003814706015668395
-0.0029710754651504005
0.00483037207952405
0.0012166918488543048
0.004650823733996211
-0.0012901646435285244
0.0012939293331354666
-0.0035107354263964607
0.0007794101117333459
0.004913787276599797
0.0038264970004672143
0.0020986339809471377
-0.001832830600762842
-0.00244662888843444
-0.003977570572154983
0.0036618876226274947
-0.00038825701119329155
0.0021764207512936992
-0.0011997822413386673
-0.004884744154698905
-0.0024111188599127416
-0.0016974174845117258
0.0012417976917381754
-0.004633424918114793
0.002688577241452884
0.0008316289522822787
0.002484648755806158
-0.00011809249415931821
-0.005286473634669381
-0.005358949214345603
0.0037663017518272638
0.0015710954569220538
-0.0013644408276455966
-0.003060840572508867
0.002498202227838471
0.003832622341541215
-0.003542186590157066
0.003955260706962741
-0.004051573654821205
0.002026320213947648
-0.003595557806744707
0.004767719137702287
-0.0021603998117019087
-0.0016367443363180837
-0.0024588452500378948
-0.005071937759712033
-0.0014267268242669747
0.0043180233785609454
-0.0023645047406283272
0.0020567715128267158
0.0017116689296765562
0.0010587049459605113
-0.0015813837714017825
0.0007937739957752023
0.0018972300415880901
0.0030117235782702967
-0.004540057718653307
-0.0025545321690896242
-0.001419842280026805
0.0041387851982743066
0.0029564988373471757
0.0016137720143969713
-0.000145957989244408
-0.0019227818632306824
-0.005393796752443483
0.005315702810598231
0.001470390350968749
0.0032391946827308674
-0.0031455809391196564
0.004587826136579636
-0.0008516761901032554
0.0007058460728902756
-0.0009582228182857931
-0.0031900345584165084
-0.0012820656500168609
0.0051512648651868415
0.0004044492223406992
0.0010059667924057847
-0.0039042650132206434
0.0031180225158595797
0.0045742737856785155
-0.004536436992474618
0.002078527048988002
0.0031424623376118954
-0.004262314608130131
0.004796224328861867
0.0041902717779587675
-0.0023068932500093318
-0.0037183954976489036
0.0031053895362400737
-0.0019865295829407403
0.0024849086024415707
0.0036618912905982738
0.0017572303949560618
-0.002269626803716497
-0.001395549662802274
-0.003970689028529304
0.0021615334134248553
-0.0005406685289807179
-0.002416227262861724
-0.000413139628131125
-0.0010423761105117853
-0.005189625215598731
-0.0016174445110461524
0.003317673189727884
0.003485187633015242
-0.004087175727000582
-0.0003528387003643635
-0.0032658577468123954
0.0020322698962766212
-0.003920652330303353
0.0049662695206847424
0.0017615477134755595
3.509404136863128e-6
-0.0033543865719575855
0.005354655368433168
0.004545477698924982
-0.00080287165812673
0.0005871431857297082
-0.0025359490025793734
-0.0017784877826224619
0.0020093400786481575
-0.004039810417879651
-0.003251084390239446
0.003432861091924299
0.0005456224677019357
-0.003714797095615186
-0.00022974820978535044
0.0034853383994211166
0.003179987528233552
-0.0016565294936827623
-0.005142309193477008
-0.0017292775420984987
0.0027049580373105027
0.0035404358410609
0.004442543013448621
-0.003420819823382827
-0.003210787415334209
-0.0009613089369999453
0.0015228450723245499
-0.004674454650545013
0.0028038450209435443
-0.00154459392904069
0.00069907760072671
0.0027710444827462643
-0.0021860503803191747
0.00023369960364963928
-0.0035573817630785856
0.005398575210601353
-0.001492195765667555
0.0045218404347637
-0.0014537389309467446
-0.0033892351531001437
-0.0007903961152980723
0.004161946314573167
0.0036035046122611263
-0.0032020806831690608
-0.004988440840536917
-0.0019483912743627025
0.0017571313587052741
-0.0025191232246940683
0.001574383911478715
4.9687997138045236e-5
0.000728940669767116
-0.004094888253836199
0.0005358815903143959
-0.003362501439012274
0.00222175395491822
0.0038426630206295537
0.005061901831838582
-0.00426673689734603
0.004048966376401153
-0.00041638176249810254
-0.004324011208071377
-0.004684528831778065
-0.004118493131790629
0.004509092811206452
-0.0011986291371794222
0.005039699752561068
0.0013003583000687838
-0.003926373163916242
0.0023940152642915086
-0.0020888580976970435
-0.00215543791006526
0.0047144068835723325
-0.0023054737680829767
-0.005225436835366911
-0.0014917745453012575
-0.004413280539750129
0.004979834765885249
-0.004338956041884075
0.00376089514402234
0.002308632852024529
-0.003367586545119395
0.004820772637181692
0.003806886613067811
-0.0010671850339718173
-0.004527264996576241
-0.002307016516809217
0.004425542754347285
0.004763909785756218
0.004970557711671469
-0.00014173667831946987
0.0024756121275963795
-0.003436644738515768
0.0015332306605992014
-0.0026474591854475423
4.464133457561007e-5
-0.0007986575953325415
-0.003235216591367497
0.004199776141979336
0.0026938909730376387
0.0037500318004574447
-0.0025624669820017007
0.0031019736692943674
0.004528003625681568
0.002987825255596111
