-0.3993816100343861
0.4363635195778365
-0.45753515890271645
0.4853477641804942
-0.24500578834907571
0.11145739294545398
-0.2938876179140639
-0.47112824859185176
0.26200325877107755
-0.059471438780489216
0.3182030315480312
-0.293148625249409
0.27441548215163425
-0.160968712492921
-0.4803325714848512
-5.77908030874319e-6
-0.021693828276447946
-0.1838432436918207
0.4244773892058905
0.06528433604595518
-0.4454833044091069
-0.4031826191298993
0.424979200432134
-0.3188910912834809
-0.04990521824808636
-0.2269325100168823
-0.11089336486740686
0.064898463395058
-0.23653507799382778
0.0916281161825202
-0.458457010307475
-0.04706422204813965
0.2060722690506861
-0.4700887295315217
-0.2939547147745354
-0.24795014650665825
-0.330438410548475
-0.39305375461382097
0.2625741226826771
-0.49819883154710887
-0.10089787665073013
-0.07276263029895347
0.15037479629624761
0.3463066684211863
-0.13005637693423355
0.1514003552679849
-0.26190739629805104
0.31932996289758797
-0.040630678936410924
0.41791068861754976
0.1289764079466893
0.47684483820292123
0.14572165578944063
0.3403371966004267
0.4330580843875561
-0.01884414458245498
0.04875561382207416
-0.061084225086895594
0.33125004714493334
-0.09682779243363093
-0.2051778564816117
-0.12943674047546871
0.30923800479619035
0.0030491997815838
-0.36298786591444
-0.3007974830435729
-0.2373654765278873
0.3503436545520594
0.20659570065902788
0.30849153742333324
0.3407215087736152
0.4195298105339954
-0.47438748157398325
0.1777960490725089
0.24244165428678022
0.07148209164169339
-0.10136403129023952
0.14451033990187323
0.3857416617674062
0.11572904599879341
0.457087546494779
0.2516066678309674
0.20639008136373926
0.33487672617653996
0.015948560351160768
0.2158550494281144
-0.4798717771168738
0.09069200173493286
-0.3413319265788606
-0.1106912752764938
-0.447447713594084
-0.3168707238745354
-0.2601120229677323
0.256451535269299
0.05507378272492636
-0.44452024948811564
0.4475453846108751
-0.3784584687883794
0.2676431031277693
0.158529325089375
-0.07753417506930738
-0.1942494999584351
-0.3937991810713233
0.44136887257606416
0.04312567165527925
-0.09970500035603214
-0.2966204432816143
0.2959433083384877
-0.46535002158314265
0.2785022292003452
0.23017325730414828
0.4847719134367554
0.029817157453773113
0.21090208780383657
0.1535143578275605
-0.39129200684811727
-0.18543665266513265
-0.40771959919192113
-0.2722079267845656
-0.19370252272835287
-0.4006991588304901
0.12093583187520662
0.32335027703156627
0.1402368591401536
0.11168109496561318
-0.23805789006699662
0.07658714194436689
-0.38443452514522314
-0.13866981677532975
-0.2168138369668533
0.13235111119834975
0.34051823516487156
-0.04187940704969961
0.41086471243824885
-0.49489334611158875
-0.21874148046049047
0.14644688220131807
-0.39586386249071603
0.2398078709329986
0.15019056878842718
0.15520057545887922
0.18210369128899961
0.2922911767030939
0.10664468340612798
0.060606107928925956
0.4399480253059166
0.3418492095050344
-0.4741565901219218
-0.3851869111110138
0.19897019436301377
