0.04601032345745027
-0.022591228459918067
0.053856214022042395
-0.05495847545533139
0.013681295803613653
-0.0006960058115355423
-0.011913810411838675
-0.0428652535355552
-0.02369587191286759
-0.006728361429282502
-0.039525760548775726
0.014473938147182477
0.05078663609803235
0.014264493592361236
-0.04208071668274446
0.019771345039279575
0.025862491910815785
-0.055339139201854265
0.04004497596302646
-0.024262005525606596
0.05134576143255565
-0.026914908002474414
-0.0014329943702421101
-0.0024739277381687227
-0.0458678527051519
-0.021954561982830818
0.05520048585994206
0.01800226426575051
0.01047921920316553
-0.03135262953361715
0.021614075472203707
-0.013098375099399614
0.018380795904724613
0.03382782671900798
0.02315873217980711
0.005332580849645248
-0.03642875036955111
-0.03336332755676351
-0.045833648678582604
-0.04023161744960902
0.0010753073265505715
0.055064173815002754
-0.01595793289811555
0.02902619908359004
-0.00037040451355435227
0.026759944405182326
-0.055351862848614895
-0.0019537403267905293
-1.1283303059436762e-5
-0.031695759139906035
0.01488780871846815
0.034388151892900176
-0.021104648233341308
-0.003969844627042615
0.033578902454332975
0.009802169995106509
0.012268837034172315
-0.04550789247105857
-0.010952773361841108
-0.016481048366442687
-0.009133071198811876
0.005360861980507565
-0.004258214170823914
-0.0005562524702883985
-0.006377135683302687
-0.04071092792957654
0.004256324632744383
-0.035696851117748195
0.004365370246589797
-0.005745002160057345
-0.025493088567354917
0.05446844650469498
-0.033052620522283124
-0.020872463856340413
0.046484218879935583
-0.030846040727459934
0.05130201299035378
0.026097725999623452
-0.010311013253245465
-0.013501125656655323
-0.02324954078490923
0.03764871518249718
-0.01247447784024541
0.05059052159881121
0.030017169324810924
0.03415091000215617
0.017030886219076707
0.04951213902452926
0.03329396820480308
0.03153727680601643
-0.05555334435279385
-0.04663424577054376
-0.0389812870945118
0.008193979837237665
-0.030918679523022477
-0.0076373031875461815
0.04495625015041583
0.012583476232821286
-0.0461467541055045
0.02711918885764298
-0.02624573882330493
0.05379905038870276
0.001449991873115025
-0.0004458151488341686
-0.05226133670273756
0.03141473037376239
0.04139839812005751
0.013136405782985623
-0.002407466496211688
0.05416162793817332
0.01640292280680489
-0.004935589386815278
0.05168820574733055
0.026506873797306166
-0.027754343964215476
0.004116551994551807
0.03069492357011695
-0.04564187086520634
-0.046460592989501885
-0.05195428026946879
-0.04923958988621572
0.02764844878594256
0.04752021570529517
-0.018068550726935903
0.0312721150452106
-0.000288372887448874
0.012113157622639105
0.006960584641327696
0.045511135233791924
0.02615578852938519
-0.053559674130027324
0.05180677854734984
0.051131666474318084
0.002776595850597022
0.00802803659686374
-0.013962410563734162
0.0020871084339794854
-0.016651169690249636
0.013171461057153451
-0.0035800958442537977
-0.027565455890881288
0.031460070083460745
-0.03412478788810226
0.0417741714768279
-0.004568041022498995
-0.030310929817698774
-0.041779738234860045
-0.03479976401199011
-0.041488776263607585
-0.0343212573243975
0.020754904277458124
0.04483875528441195
-0.03775988627716793
0.03197716033968872
-0.016078501484613143
-0.043658495852835134
0.015112141186654453
0.02728770343703996
0.03376736576839219
-0.0419378616874009
-0.0226320757150047
0.040046489794511766
-0.022436803600109752
-0.04412290074287067
-0.028127686432355394
-0.008092752317993047
0.024255975169839065
-0.027273568250562152
0.005362092228940261
-0.017005140150946122
0.014873155547007003
-0.014181247349831734
-0.006795986824108085
-0.027901021122712522
-0.004232874340192459
0.03704483317503517
-0.045650885678708376
-0.05276057938562623
0.02731288658438668
0.04028229118736197
-0.0017801543835314789
-0.01632033311665012
0.028729406724750044
-0.013676795019628546
-0.012068511767246248
-0.04030897116760538
0.006744922676179974
0.027017944944798204
-0.03263903919628965
-0.009510560494222976
-0.027762106641778188
-0.0004260610188383618
0.041164162452276803
-0.05005355588546727
-0.04414086388964844
-0.03516247285267597
-0.0029327748566943083
0.031365542593370724
0.03625046268710523
-0.042150105060243324
-0.03163034012274974
-0.02340957487919569
-0.022746910217097967
-0.042981542823982484
-0.055771424233686605
0.0036274930332474077
-0.02206379157847953
-0.017493289208356355
-0.024167023269256346
0.011272347543328249
-0.008660956329108162
-0.031337601562643445
-0.010035268162957068
-0.027914837179504833
0.020964165363937595
0.008748277463548582
0.021397324426045968
0.012266919801548974
-0.04715870804987435
0.04382226331767505
0.040287532742649915
0.04836198824957773
0.0166791696037053
-0.025535558611684717
0.05342253153810938
0.0267251149471758
-0.03368717411806358
0.011344898280211867
-0.03323831117093828
0.009254628260286247
-0.011718723152663259
0.02656841507828979
-0.01741237944187069
0.018913649356188257
0.02186139592906662
-0.008380179218241414
-0.014793881749937104
-0.012702788895211084
-0.0048657090618581525
0.04328447313399807
0.01925212189674139
-0.03278934931054341
-0.04617918090626969
0.04981552839862345
0.014781336840449256
0.00851168681194269
0.04339387068477039
-0.03844644228503493
-0.006507021231375219
0.04619561386788093
-0.014679026567164527
-0.005322774705025468
0.002744082644322525
-0.020824285684231097
-0.028793324452058233
-0.024525522813730674
0.020122057997787355
-0.02027818504227089
0.04584284851130586
-0.02001053568442877
0.04096017125322486
-0.02137148279091295
0.03888410074250503
-0.008525279632170027
0.0009422495358954691
0.003808756343878162
0.052171002096981216
-0.039574727998117336
-0.020510425206703275
-0.009176667442003295
0.039348067621310726
0.025659711265291586
-0.051229284256552717
0.02700417771974387
0.03037559003450587
0.01603901222194541
-0.023247164275328386
-0.03886061389540893
-0.054764656018531775
-0.007508431756680457
0.008964047593499443
0.03232211274648076
0.028501342395282857
-0.024078716259428968
0.015730728868557295
0.021619793013518008
-0.01944925741394317
-0.030818637294783607
-0.05300206589692563
-0.01871938475831375
-0.034404530726176955
-0.029236406283741075
-0.04695787310752683
0.020358730242472235
0.051274522241969746
-0.0051548220266352815
0.053916327079018424
0.003337967187780287
0.03532245025588805
-0.01209484911106969
-0.03665226047784418
-0.00907736616585252
-0.013421066856480299
-0.024931471894464836
0.04341939923288204
0.04284510889294298
-0.026727120077901175
0.022307307519257007
-0.050265902037543754
0.011261193881967418
0.00018576697866816498
-0.01795005010492948
0.047883268797192756
-0.024441301784518994
0.03199868337948114
-0.009243986714485999
0.029427857005035356
0.029804114058538982
0.03982603531657407
0.05530271373523652
0.023838485396271196
0.0467667219405821
-0.03213454944093961
-0.006823719224908931
0.00937907860892528
0.03634479886375694
0.041756434727199136
0.00031075706655013443
0.03810897835260886
0.00015515467408849337
0.046485805294350556
-0.05254245627255093
-0.03572335339379561
-0.010939216692078991
-0.024567337161548568
0.05103157481785202
-0.04049135090700539
0.053346569666315
0.036970098016930956
0.032896036954593935
-0.03332063721996501
-0.010817171357070486
0.005701523589932914
0.006695404558907577
-0.035090373142058866
-0.04237296620964593
-0.01951366892435377
-0.05453751425839663
-0.04383787829080148
-0.008248276518506096
-0.014685230585013361
0.01884924222983256
-0.04294762601803317
0.0114373061611717
-0.015401115421567059
-0.044871233335109575
0.04238360430193761
-0.03256635507862574
0.02739480373467822
0.029406046791989535
0.026369717182108943
0.0020203212671768157
-0.01093848610185037
0.0014200424071649552
-0.023932783861050026
0.014231259708518912
-0.05500509057084287
0.028962281006077843
-0.007307895687186744
-0.016332152827006605
-0.050718393521504555
-0.0337024714429013
0.003315007369085901
0.011486149002145346
-0.050648203280741565
-0.00372452081302071
-0.038540577064568635
0.05607389763260204
-0.030095267482737824
0.053992438849973824
0.0023189627480244795
-0.012175387924301272
0.0007097002575245121
0.05432166986222625
0.04967773881157809
0.02977320830859362
-0.04441398483754339
0.02715496810270318
0.02962109243970457
-0.026154749739125446
-0.027572189909533282
0.018536345060609666
-0.01639034132399447
-0.03126905862644545
0.019295459685877384
-0.04505377715051455
0.014838028557866402
0.021579654936557585
-0.04880341046272633
-0.024556031140499125
0.039638635648118835
-0.055574681001132276
-0.006439217719518071
0.024312930997679477
-0.008755225540969944
-0.0008291822029990579
0.02148153252211103
-0.03767292968807051
0.04810425765821127
0.020391646756699508
0.04258520926362563
0.03699730126470756
0.048968940365657916
-0.030069898962323545
-0.04055428845324449
0.010683472388646083
-0.02670751267379278
-0.04461595387401648
0.022438345720769682
-0.01926555370061099
0.023716064984725706
-0.055481761401280465
0.015985042558245396
-0.024503503726386624
0.04974362244102127
-0.047474736918865536
-0.031540621119059704
0.03698317327262954
0.01517637931338104
-0.019688850153897996
-0.043386352809586845
-0.03129067560133849
0.02229478895930447
-0.049344248127898616
-0.017030234670556872
-0.03199998953465171
0.013345681166985942
-0.05206322162458045
0.005186793166181061
0.045011883589327444
0.00933165195301121
-0.02365477565302267
-0.014457775579427665
-0.021398036985129598
0.044219482883468476
0.04516946606986262
0.032645084173143005
0.03199872553864959
0.021828539437940848
-0.054220493528862546
0.05009615659192757
0.016434420124847186
0.03069445162822351
-0.024483352278390543
-0.028900894037849175
-0.019390839242853536
0.011602850775467553
-0.025610396750838548
-0.031592331647730176
-0.019891502537455967
0.03861302851754797
0.034513551552844655
-0.017947604095198223
-0.015703048235860523
-0.014743075565896767
0.047324291015908765
-0.007589528818109367
-0.02106058411107293
-0.003062517263312828
0.0335053958685332
0.004951229515290493
-0.017417291228254125
-0.0024832065348698055
0.042706921805137785
0.050941145690232364
-0.03524506538114316
-0.05605222902663276
-0.00845473977122136
0.050275855645846364
-0.022135517676530145
-0.012653257264397626
0.025946370679873747
-0.037740238140342684
-0.04701952279576418
0.0063166749447372324
-0.017133794727575407
0.027365765011803482
-0.02222441102956945
0.036513731948343384
-0.0007761827004645649
0.002023326095003092
0.009754693326412647
-0.036437333071774866
0.05360165984087791
0.050766704578418996
0.0516757097410391
-0.04802589902146254
-0.0038678749763909233
0.05085765041257557
0.007816804273405725
0.03356012528072679
-0.05086764906442502
-0.029273275538273476
0.033197632309229896
0.03885143296964695
0.011702140579448963
-0.017311353866287262
-0.04952723607428295
0.042231574180584854
-0.015609253461251886
0.026252740426534606
0.04118534866815816
0.05423199580182036
0.018291650780010275
0.021441957382765008
-0.008660106673439381
0.022487303176535575
0.03841955136754013
-0.015878988219551377
0.05213322770341514
0.04330885529891469
0.017929022548809456
-0.018963256604918825
0.011707544969750875
0.025204610294519866
0.026521882050359873
-0.016136972789787794
0.011391664550358772
-0.014977252951971607
-0.025745370327112077
0.0327587360136997
-0.048628769218804234
-0.0010728935638849911
-0.0028509189809301813
-0.007261421911537449
-0.054835063754720983
-0.03897891929024484
0.02242069624356742
0.019011395967128773
0.050676622115751115
0.049827050126347805
0.01616888629975711
0.054068640460849936
-0.043660748826501915
0.035839316415542076
-0.016728896098722298
-0.02610186475082152
0.0246989161543027
-0.04012238809823632
0.0444220998241905
-0.02754890240512998
0.04461535174103748
0.013629125377404131
0.0039800090675301885
-0.007633129702093432
0.025934706027360283
0.017460670546420903
0.016630476425030377
-0.04304480213931237
-0.049962457816542044
-0.007805235840474136
-0.032140575875364785
0.05039510409817001
0.0014703213126937102
0.014587325087357038
0.0033013799839514456
-0.049563147653998565
5.741445467350377e-5
0.023783127347412013
0.003015492967932146
-0.05065901791921428
-0.029485271340326885
0.021403343133727094
0.0021632393007091745
0.03024166890792614
-0.04664655415363529
0.014211779507057685
0.006233202015065437
-0.031392232012671294
-0.038552928752213105
0.05173861226878045
0.051634823207311775
0.038596831200624244
0.006497146012839707
-0.011161709459351505
-0.045008544489986216
-0.02282123366375111
0.01507965041248932
0.014383105780927082
0.013329283193669272
-0.016355075531985536
-0.023362799332307387
-0.001382554149538224
-0.04814167859762107
0.040578731907627556
0.03956988447781418
-0.04830546951927611
0.02366248432982618
0.005475059492049847
-0.050583397305301786
0.02135113572752318
-0.002354784013352716
-0.035885810329596216
0.003920311542119757
-0.03669510763736127
-0.030573123645848063
0.051122679585995624
-0.05506164223415191
0.016398370552687225
-0.006662187955527818
0.01568595712611017
-0.002973632952348536
0.037740200469670936
-0.03735484198836966
-0.012484609511709103
0.02559901673864917
-0.0292151232907543
-0.03695360785012803
-0.03329716556125948
-0.026995399945776898
-0.008808872963785888
0.001768955469730005
-0.014345343004867388
0.037449105644481805
-0.043820413446507125
0.03165958245109374
0.022237225774245233
-0.02483134163814451
0.02626629979222855
-0.01130167587352664
0.03165636844589804
-0.012692448381968494
0.014288576742019932
0.015058528800492927
0.03803363407471371
-0.0024172920888099214
0.031981082151801093
0.007774634998840718
-0.03220444594740757
-0.01015755589023832
-0.01966176375666201
-0.028189066208088993
0.026663826749415337
-0.03797849544710243
0.0033557470785905543
0.04989408700287683
-0.05092967281984705
0.019236603206560444
0.003329076702875307
0.0142985216605394
-0.018886597501646805
0.0356870508152513
0.03950804603958611
-0.022171284403674687
0.005654971770382363
0.005987541572513268
-0.027452774269446402
-0.030089044145929524
0.016411409238302258
-0.025764340039009515
-0.0014845570307377236
0.005249891348982647
0.04883261727399321
0.0054207396163348355
-0.013667821775135815
-0.0457275018012606
-0.03592688520424124
0.006267939521205705
-0.053891008408387654
0.008461058728943078
-0.00759548724001881
-0.039325348162060896
0.03454301109683708
0.035747612396856164
0.014983054607195725
0.05411736361784914
0.017385726940912307
0.03819510853536509
-0.0027067646393004784
-0.041428356309684986
-0.037068807629867924
0.007433894818671813
0.015295682009687485
-0.0017774188291067553
0.0302760516621008
0.01664553610465398
-0.024840351076587733
-0.02242173457812713
-0.002645706568344437
0.052616797700784416
0.00953186600540607
0.026034188392283455
-0.046893073796883275
0.0017191270556659497
-0.006879352158340986
-0.023993765934906756
-0.04392802929456929
-0.02521509133996917
-0.03919328477779046
0.008500294015106664
-0.014526015111061634
0.05246534142054666
-0.03828789571566261
0.04761307590811063
-0.04707746235848378
-0.017477900238829534
0.04624637877107481
-0.02302604424472802
-0.00454484586123924
0.014357659411261667
-0.03805307129072491
-0.051722123761340055
0.00592376189924715
-0.044708950924502625
-0.00972121622619933
0.035466480819625064
0.04218572330127542
0.024419419879526016
0.05457149135093806
0.02705824545226974
-0.03472346023867884
-0.02407379191448398
-0.007844684866531573
-0.007953683050120439
-0.0490856628663382
-0.026156861905114483
0.03660968522400765
0.051345612941937194
0.01906566400570091
-0.055628051900623546
-0.05497978611986176
-0.016912607480588152
0.03591108551861617
-0.03543359585286447
-0.04506980827391179
0.0368101912854387
0.0372901149210817
0.03008143304066657
-0.0535117191006754
0.0210125495333473
-0.013177931307501051
0.012595974399909634
0.014088335199113663
0.03461447298357603
0.031497369491837006
-0.05306629162357663
0.04837176348036067
0.04885209952737054
0.022741365785415083
0.010931238251616097
0.029530985639097163
0.010125602726301409
0.006166410999023138
0.021194270656511704
-0.04331556358155511
0.05463459143204671
-0.001997046108890786
-0.04260022797887793
-0.007544177639018236
0.03395515560529062
-0.04055483688107856
-0.010686406739929972
0.03818517910759799
0.004321890501166662
0.028886946152351295
-0.04218973162635525
-0.04862389768881504
0.02836473900419101
0.02571653247217662
0.02535922218855421
0.03981465048247461
-0.040729808294523634
0.007607399001297017
0.04284466370510349
0.02652960420191025
0.05386111115622104
0.03608475792262613
-0.05028719982175043
0.0245285931780547
0.04118050982354597
-0.020965074177127178
-0.049698397377186676
0.037060085804752625
-0.04443128241354797
-0.0059406786783131145
0.02643763463651671
0.010034906662314167
0.04170533921330722
-0.025517401696430967
-0.054785535122492526
-0.0016149063661831285
-0.013007443775365946
0.03612069307839363
0.050510415641217166
0.04280896183515943
-0.0004229348850326593
0.019860943525975488
0.053200347028962605
0.0444827886941341
-0.0044131424188079875
-0.05263003434394103
-0.03572366855565301
-0.03843500856971861
-0.007619678596267331
-0.002595127904877768
-0.026465943373884283
-0.041806030330390584
0.025703879359325162
0.0015133027573809169
0.028944962791042955
0.030323389921559626
0.01804320738937586
0.04575797551422902
0.02992960292335927
0.05467899088400163
-0.024851354699733735
0.0181003242859952
0.027766435078119597
0.04760105181953313
0.03599804935472711
-0.0016854161487503377
0.009092054170390168
-0.029294961141377168
-0.015203255071613856
-0.04006247604055011
-0.009644196999405495
0.0035667478100416122
0.006779957631303364
-0.006189466218102275
0.03285201127063943
0.02135935568667115
-0.038380193343972836
-0.048230671025823534
-0.02287052649627427
0.05107774480570254
-0.006188842757003575
-0.0416596491297144
0.0547985679770381
-0.05286495651978275
0.01113859854565042
-0.018767722274258138
-0.007927037411078962
0.034162988080496774
-0.02001137876906375
0.022605775718062986
0.027016324009121677
0.05285997169462729
-0.021758976387441398
0.019939770600111446
-0.016940652575879078
0.028395505062476116
0.0462011885042443
0.04820437243063075
0.053522391234875
-0.029777293164214284
0.047270913669754104
-0.008666284853586762
0.006547387159465663
-0.046315906003830676
0.03856622250615283
0.03090302880951822
-0.05185404551147052
0.0268563594082353
-0.02283913431995425
0.045355554875428625
-0.025219996179974228
0.021346188402163836
-0.023916555153252656
0.018826596606985078
0.0469715589905431
-0.0220469114270368
-0.038617539215224095
-0.04628885676483366
-0.030497072977369928
0.049253396513539986
0.0030402157855836144
0.04943338923898483
-0.033412752566047366
-0.027524692251722622
-0.017775524702378795
-0.01147371952231668
-0.04243069490990394
-0.015416407747811441
0.043311961400335004
0.05147519678751122
-0.011610730286479774
-0.0051092250509493665
0.0312960605955324
-0.02841601185387266
-0.020660356091054856
-0.048465893292669066
0.026529976967710856
0.0391242015150771
0.027596831690615407
0.03761980150632743
0.043315019272431116
-0.004617320024004821
-0.04110836846671023
0.012267291503269275
-0.019911259521637734
-0.038518981068283435
-0.03986952806307632
-0.05399591128089104
-0.00436977585709286
-0.014284791667897208
0.04092635780456918
0.028959278458727887
0.056105867234719456
-0.013542456753561857
-0.004676116604847897
0.043197314281680985
0.018000668564329414
-0.029325595424180586
0.027145689504300435
-0.02299078449301826
-0.0006488241231778571
0.023507276221546376
-0.024725216795589092
-0.03144178760173381
0.012825077993283526
0.02057120839121518
0.005003181022756577
0.04373063711556593
0.03992289853452819
-0.02855890173869127
-0.05329447937184067
0.05152008089093695
-0.025273483323253864
0.01470402909019836
0.0467128081456524
0.038599943972095214
0.02932153768660733
0.032085324091016935
-0.01812392595532788
-0.05384250643427004
-0.05494315714781993
-0.04169633206305305
0.016961301529041486
-0.049158821402110676
0.012090329519086599
-0.010031748577535336
-0.03141150539958648
-0.0018919670942563569
0.033719982927604204
-0.03486783682066634
-0.00627877727273426
0.014326718326882289
0.02183458761298129
0.04279085981277848
-0.02561634602340289
0.0116291485756935
0.013837437990809609
-0.009858451151039921
-0.0035645863293086635
-0.0032672599518557507
0.023981974666379906
-0.03925687102649878
-0.0050395474586258406
0.035812579199478806
-0.03835645106044266
0.032725168320291396
0.03565030120280878
-0.031227814634027764
-0.000592412961387814
-0.03496461712833541
-0.029803314530951176
-0.004368561500151916
0.03323544001302803
0.00826735718943916
0.022977150091513916
-0.015923736232334184
0.05265930706604664
-0.02169465859841376
-0.0005181600875459353
-0.04569691606922153
0.03320969687502859
0.0191911065523319
0.0467507724780974
-0.029696671765705996
-0.03740400334593424
0.055347561478607664
0.01848220966305951
-0.018167927258219696
0.028679087394719353
-0.01885290858769489
0.033941231622702704
-0.03557685709589726
0.00989057888273082
0.01858338355156257
-0.007477355432211231
0.022621110072512433
0.018835508800559016
-0.044431281508888656
0.032165378118492516
0.0072973881550978045
-0.024131389644477183
-0.016814602085408442
-0.05211922364144403
0.05032071272973741
-0.02770792462651008
