0.34606947734760324
0.36451811639226983
0.3532558179974687
0.35656662648015397
0.34943393331318445
0.35095831594707794
0.3526354205029015
0.3372714912346012
0.3529226697871479
0.37278646109778346
0.3461421230402637
0.35560830606367294
0.3545031905752182
0.34251899827064763
0.3526734821446623
0.3488583602657713
0.3683115066650499
0.3335348451423789
0.34709314883167497
0.3391308348002829
0.3517559415715095
0.36004244881416664
0.35708001546685364
0.3598413539245259
0.34727558470835124
0.34072281824176237
0.3524047366999243
0.34080678221278804
0.347806865959426
0.3350513873772907
0.3629776655868895
0.3499704895318387
0.3549226964387687
0.3507212683545208
0.34638653828967103
0.36193638305402187
0.3387949643598379
0.3595694154179831
0.36123445876628474
0.34434320159338055
0.3500512738394007
0.3504673449149471
0.327749366112761
0.35908950591806066
0.35065201312430067
0.3441358662510062
0.3505620666026408
0.36178541933204356
0.3637866842856463
0.344789971987197
0.3597553690579571
0.3555146086054201
0.3586249682603173
0.35636036115745656
0.3491407184355178
0.36426604496801945
0.3413724275290428
0.354932345248073
0.3444583055645601
0.33933833579608563
0.34927718932563717
0.3366092009587597
0.34108741790993674
0.34746300624892895
0.3806594989921076
0.35303510190677806
0.3578215288231587
0.3346840398443298
0.3546989997460325
0.35275011475161877
0.348283558793837
0.351035712641508
0.3450805558887166
0.35069929346650386
0.36270826771477516
0.359117340540436
0.35305003621460246
0.3299771971107188
0.35621819990182985
0.3545331996639202
0.3416756611641545
0.3293646698387454
0.3469295264357815
0.35285441876058793
0.34166240806762627
0.3462531428165414
0.35207737658646593
0.35955517381984653
0.35786021966956033
0.3388341357528613
0.3489575031620069
0.3412188036623708
0.3395469598160101
0.3490316367224276
0.3550717918446609
0.34266618630739887
0.3730354280689088
0.3403211735631488
0.35556871477341634
0.3334589697150514
